src dst weighted
1 2 1
1 3 1
1 4 6
1 5 2
1 6 1
1 7 2
1 8 1
1 9 3
1 10 2
1 11 5
1 12 2
1 13 2
1 14 1
1 15 2
1 16 3
1 17 1
1 18 1
1 19 1
1 20 2
1 21 1
1 22 1
1 23 1
1 24 5
1 25 2
1 26 3
1 27 2
1 28 3
1 29 2
1 30 1
1 31 1
1 32 3
1 33 1
1 34 1
1 35 1
2 36 1
2 4 8
2 5 1
2 37 2
2 6 1
2 7 4
2 8 2
2 9 3
2 11 3
2 12 2
2 13 4
2 14 4
2 15 1
2 16 2
2 18 1
2 38 1
2 19 2
2 39 1
2 40 2
2 41 1
2 20 2
2 21 1
2 22 1
2 23 4
2 24 1
2 42 1
2 31 1
2 43 1
2 44 2
2 45 1
2 46 1
2 47 1
2 34 1
3 36 1
3 4 5
3 5 3
3 37 4
3 6 5
3 7 1
3 8 1
3 11 5
3 12 6
3 14 5
3 16 2
3 17 1
3 18 1
3 38 1
3 40 1
3 21 3
3 22 1
3 23 2
3 25 1
3 27 1
3 28 1
3 29 2
3 30 1
3 48 1
3 49 1
3 46 1
3 33 3
3 47 1
3 34 2
3 35 1
36 4 1
36 5 2
36 37 8
36 7 1
36 8 9
36 9 1
36 10 6
36 11 1
36 13 3
36 14 4
36 15 2
36 16 6
36 18 1
36 50 1
36 40 1
36 41 3
36 20 1
36 21 8
36 22 1
36 51 1
36 52 3
36 25 1
36 26 1
36 27 1
36 43 1
36 53 1
36 44 2
36 45 2
36 32 1
36 46 1
36 33 5
36 47 3
36 54 3
36 55 1
4 5 4
4 37 4
4 6 3
4 7 1
4 8 6
4 9 7
4 10 1
4 11 3
4 12 3
4 13 3
4 14 5
4 16 2
4 17 2
4 18 2
4 50 2
4 56 2
4 39 4
4 40 1
4 41 2
4 21 1
4 51 4
4 23 3
4 25 3
4 26 1
4 27 2
4 28 1
4 29 1
4 31 2
4 49 2
4 45 3
4 46 1
4 54 1
4 35 3
4 55 2
4 57 1
4 58 1
5 37 4
5 7 1
5 8 1
5 9 1
5 10 2
5 12 2
5 13 2
5 14 2
5 15 5
5 16 2
5 18 4
5 38 1
5 19 2
5 50 3
5 56 5
5 39 6
5 40 2
5 41 1
5 20 1
5 21 2
5 22 2
5 51 4
5 59 2
5 23 4
5 24 1
5 25 1
5 26 2
5 27 3
5 28 1
5 42 2
5 29 1
5 30 1
5 31 3
5 43 2
5 60 1
5 49 1
5 53 1
5 44 4
5 45 1
5 61 2
5 33 2
5 47 1
5 54 3
5 34 1
5 35 4
5 55 3
5 58 1
37 5 1
37 6 2
37 7 1
37 8 3
37 9 3
37 10 1
37 11 1
37 12 4
37 13 1
37 14 1
37 15 5
37 16 3
37 17 2
37 18 4
37 38 3
37 19 1
37 50 1
37 56 5
37 39 1
37 40 1
37 41 1
37 22 1
37 51 1
37 59 1
37 23 1
37 24 1
37 25 4
37 26 3
37 27 2
37 28 1
37 42 1
37 29 4
37 30 3
37 43 1
37 60 3
37 49 1
37 45 5
37 46 2
37 33 6
37 47 2
37 54 2
37 34 1
37 35 4
37 55 1
37 57 1
37 62 1
37 58 1
6 7 3
6 8 2
6 9 1
6 10 3
6 11 3
6 12 1
6 13 3
6 14 1
6 15 3
6 16 3
6 38 1
6 19 1
6 56 2
6 39 2
6 40 2
6 41 1
6 21 1
6 22 1
6 24 1
6 25 2
6 26 1
6 29 1
6 48 2
6 49 1
6 61 2
6 33 2
6 54 2
6 34 2
6 35 2
6 62 1
7 8 4
7 9 5
7 13 3
7 14 1
7 15 1
7 16 2
7 18 1
7 50 3
7 40 2
7 21 1
7 22 1
7 51 1
7 23 1
7 24 1
7 26 4
7 27 1
7 60 1
7 49 2
7 33 2
7 47 1
7 55 1
7 58 1
8 5 2
8 9 3
8 10 1
8 11 4
8 12 1
8 13 2
8 14 3
8 15 3
8 16 4
8 18 4
8 38 1
8 19 1
8 50 1
8 56 2
8 40 1
8 41 1
8 21 4
8 22 1
8 51 2
8 59 3
8 23 4
8 24 1
8 25 2
8 26 2
8 27 3
8 28 1
8 42 1
8 29 2
8 31 1
8 43 3
8 49 2
8 33 3
8 47 1
8 54 1
8 34 1
8 35 1
8 55 1
9 10 2
9 11 2
9 12 2
9 13 1
9 14 3
9 15 3
9 16 2
9 38 2
9 19 2
9 50 1
9 40 1
9 41 1
9 22 1
9 59 1
9 52 1
9 24 3
9 27 1
9 29 1
9 43 1
9 45 1
9 46 1
9 33 1
9 54 1
9 34 4
9 57 1
10 11 3
10 12 1
10 13 1
10 15 1
10 16 3
10 19 2
10 50 2
10 56 2
10 39 1
10 40 2
10 41 1
10 20 1
10 21 4
10 22 6
10 51 2
10 59 1
10 52 1
10 23 1
10 25 1
10 26 2
10 27 1
10 28 1
10 29 2
10 31 2
10 60 2
10 48 3
10 44 1
10 32 1
10 33 1
10 47 1
10 54 1
10 57 1
11 5 4
11 37 1
11 12 3
11 13 2
11 14 3
11 15 5
11 16 3
11 18 1
11 19 2
11 50 1
11 40 2
11 41 1
11 21 1
11 22 1
11 51 1
11 59 1
11 23 1
11 24 3
11 25 1
11 26 3
11 28 1
11 42 1
11 29 2
11 31 1
11 60 1
11 53 3
11 44 2
11 45 2
11 32 3
11 46 1
11 33 2
11 47 1
11 54 1
11 34 2
11 35 3
11 57 1
11 58 1
12 37 1
12 8 1
12 14 3
12 15 2
12 16 2
12 17 3
12 18 2
12 19 1
12 50 2
12 39 2
12 41 1
12 20 1
12 21 2
12 22 1
12 51 1
12 59 2
12 52 1
12 23 1
12 25 2
12 26 2
12 42 1
12 31 1
12 43 1
12 45 1
12 33 3
12 47 1
12 34 1
12 58 1
13 9 1
13 14 2
13 15 1
13 16 2
13 17 2
13 18 5
13 56 1
13 40 3
13 21 1
13 59 1
13 24 2
13 25 4
13 26 4
13 27 2
13 29 2
13 30 1
13 60 3
13 45 1
13 32 2
13 46 1
13 33 1
13 47 1
13 35 2
13 57 1
14 15 4
14 16 3
14 17 3
14 38 2
14 19 1
14 50 2
14 56 1
14 39 1
14 40 2
14 41 2
14 20 1
14 21 4
14 51 1
14 59 1
14 52 1
14 23 2
14 24 2
14 25 1
14 26 1
14 42 1
14 29 2
14 48 2
14 53 2
14 44 2
14 45 1
14 32 1
14 46 1
14 33 4
14 47 1
14 54 2
14 35 3
14 57 1
14 58 2
15 16 3
15 18 1
15 56 6
15 39 2
15 40 3
15 41 1
15 21 1
15 22 1
15 51 1
15 59 2
15 52 2
15 23 2
15 24 2
15 25 1
15 26 2
15 27 1
15 42 1
15 31 2
15 43 2
15 60 2
15 53 3
15 44 4
15 45 1
15 33 2
15 47 1
15 54 1
15 34 1
15 55 1
15 57 1
15 58 1
16 13 1
16 15 2
16 17 3
16 18 2
16 38 1
16 19 1
16 50 2
16 56 2
16 39 1
16 40 2
16 41 2
16 20 3
16 21 9
16 22 2
16 51 3
16 59 4
16 52 2
16 23 5
16 24 2
16 25 3
16 26 4
16 27 2
16 28 3
16 42 1
16 29 2
16 30 2
16 31 1
16 43 1
16 49 4
16 44 1
16 45 1
16 32 1
16 61 1
16 46 2
16 33 5
16 47 3
16 54 2
16 34 4
16 55 3
16 62 1
17 12 1
17 38 2
17 19 1
17 50 2
17 56 1
17 39 4
17 40 1
17 21 1
17 51 1
17 52 1
17 23 4
17 24 5
17 25 3
17 26 1
17 27 3
17 28 2
17 42 2
17 29 2
17 30 2
17 31 4
17 60 3
17 48 2
17 49 1
17 32 1
17 33 2
17 57 1
18 7 1
18 38 2
18 19 2
18 50 1
18 56 3
18 39 2
18 20 1
18 21 1
18 22 1
18 51 1
18 23 1
18 24 1
18 25 1
18 27 5
18 28 2
18 42 4
18 29 3
18 30 2
18 31 2
18 53 1
18 44 1
18 32 1
18 33 1
18 47 2
18 34 1
18 58 1
38 18 1
38 56 2
38 39 2
38 21 1
38 22 1
38 59 1
38 23 1
38 25 1
38 26 1
38 27 3
38 42 1
38 29 5
38 30 2
38 31 2
38 60 1
38 49 1
38 32 1
38 33 1
38 34 1
38 35 1
38 57 2
38 62 1
19 50 1
19 56 1
19 40 1
19 41 2
19 20 2
19 21 5
19 22 3
19 51 2
19 59 6
19 52 3
19 24 1
19 26 1
19 27 2
19 31 1
19 43 2
19 60 3
19 48 1
19 53 5
19 32 1
19 46 2
19 47 1
19 54 5
19 34 1
19 35 3
19 55 1
19 57 2
19 62 3
19 58 1
50 39 1
50 40 5
50 41 1
50 21 3
50 22 3
50 51 3
50 59 2
50 52 4
50 23 1
50 24 2
50 25 2
50 27 1
50 28 3
50 30 1
50 43 2
50 60 3
50 48 2
50 49 1
50 53 4
50 44 1
50 45 1
50 61 1
50 46 1
50 47 1
50 54 2
50 34 1
50 35 4
50 62 1
50 58 2
56 38 1
56 39 4
56 41 1
56 21 1
56 22 1
56 24 1
56 26 1
56 27 5
56 28 2
56 42 3
56 29 3
56 30 2
56 31 4
56 49 1
56 53 2
56 44 1
56 45 1
56 32 1
56 33 3
56 47 3
56 34 1
56 35 1
56 55 1
39 18 1
39 19 1
39 41 2
39 22 1
39 51 2
39 27 4
39 28 4
39 42 2
39 29 8
39 30 1
39 31 5
39 60 1
39 48 1
39 53 2
39 45 3
39 61 2
39 46 2
39 54 2
39 55 4
39 57 2
40 41 1
40 20 1
40 21 6
40 22 3
40 51 3
40 59 4
40 52 2
40 24 5
40 25 4
40 26 1
40 27 2
40 28 1
40 43 2
40 60 1
40 48 2
40 49 2
40 53 2
40 44 2
40 45 1
40 46 1
40 47 2
40 54 3
40 34 3
40 62 2
40 58 3
41 22 5
41 51 5
41 24 2
41 25 1
41 26 4
41 27 3
41 28 1
41 30 1
41 60 1
41 48 3
41 53 1
41 45 2
41 32 1
41 54 2
41 34 2
41 35 2
20 21 4
20 51 2
20 59 3
20 52 4
20 25 1
20 28 1
20 43 5
20 60 3
20 48 1
20 45 1
20 46 1
20 47 1
20 54 1
20 34 1
20 35 2
20 57 1
20 58 1
21 20 1
21 22 2
21 51 5
21 59 7
21 52 6
21 24 3
21 25 4
21 26 4
21 27 4
21 28 4
21 29 1
21 43 1
21 60 1
21 48 1
21 49 1
21 44 1
21 45 4
21 32 1
21 46 3
21 33 4
21 47 1
21 54 4
21 34 4
21 57 1
22 51 2
22 59 6
22 24 2
22 26 2
22 27 3
22 29 2
22 31 2
22 60 3
22 48 1
22 49 1
22 53 2
22 44 1
22 61 1
22 46 1
22 33 1
22 47 2
22 54 1
22 34 1
22 35 2
22 58 1
51 20 2
51 59 2
51 52 3
51 24 6
51 25 2
51 26 4
51 27 2
51 42 1
51 29 1
51 30 1
51 31 1
51 43 2
51 60 3
51 49 3
51 53 4
51 44 1
51 45 2
51 61 1
51 46 3
51 54 2
51 34 3
51 35 2
51 57 2
51 58 1
59 52 1
59 23 3
59 24 2
59 25 1
59 26 3
59 27 1
59 29 2
59 30 1
59 31 1
59 43 3
59 60 3
59 48 3
59 49 4
59 53 4
59 44 2
59 32 2
59 61 1
59 46 3
59 54 4
59 34 5
59 35 3
59 55 2
59 57 3
59 62 5
52 21 2
52 24 1
52 25 2
52 26 5
52 29 1
52 43 6
52 60 5
52 48 4
52 49 2
52 53 4
52 44 1
52 32 1
52 46 1
52 47 1
52 54 3
52 34 1
52 35 4
52 55 1
52 57 1
52 58 1
23 56 1
23 24 1
23 26 1
23 29 1
23 31 2
23 60 1
23 49 1
23 32 4
23 61 1
23 33 2
23 35 1
24 22 1
24 25 3
24 26 3
24 27 1
24 28 1
24 29 3
24 30 3
24 44 1
24 45 1
24 32 1
24 46 1
24 33 2
24 54 2
24 55 1
24 57 1
25 56 2
25 39 1
25 23 1
25 27 4
25 28 2
25 42 2
25 29 2
25 30 2
25 31 3
25 43 1
25 53 2
25 44 1
25 45 1
25 32 4
25 61 1
25 46 2
25 33 1
25 47 2
25 34 1
25 35 2
25 57 1
25 58 2
26 38 1
26 27 6
26 28 1
26 29 6
26 30 9
26 31 3
26 60 1
26 53 2
26 44 2
26 45 2
26 32 2
26 61 1
26 46 6
26 33 1
26 47 4
26 35 1
26 55 2
26 62 1
26 58 1
27 28 6
27 29 2
27 30 1
27 31 2
27 43 4
27 48 1
27 49 1
27 53 3
27 44 1
27 45 5
27 32 3
27 61 1
27 46 2
27 47 1
27 54 1
27 55 1
27 58 1
28 29 2
28 30 2
28 31 4
28 48 1
28 44 1
28 45 7
28 32 2
28 46 2
28 33 6
28 47 3
28 35 1
28 55 2
28 57 4
28 62 2
42 29 3
42 31 4
42 53 2
42 32 2
42 34 1
42 35 2
42 55 1
42 57 1
29 30 1
29 31 5
29 53 1
29 44 1
29 45 1
29 61 1
29 46 2
29 33 1
29 47 1
29 34 1
29 35 2
29 58 2
30 31 3
30 48 1
30 49 1
30 53 1
30 44 2
30 61 1
30 46 1
30 35 1
30 55 2
30 58 1
31 24 1
31 27 1
31 60 1
31 48 2
31 49 1
31 53 3
31 45 4
31 32 2
31 46 1
31 33 1
31 47 1
31 35 6
31 55 2
43 60 3
43 48 1
43 49 1
43 53 3
43 44 1
43 54 2
43 34 1
43 35 3
43 55 1
43 57 1
60 49 4
60 53 4
60 44 1
60 32 1
60 54 3
60 34 1
60 35 6
60 55 1
60 57 2
60 62 5
48 49 4
48 53 8
48 44 1
48 54 5
48 34 1
48 35 7
48 55 1
48 57 1
48 62 3
49 53 2
49 44 1
49 32 1
49 46 2
49 33 2
49 47 2
49 54 1
49 34 1
49 35 3
49 57 1
49 62 1
53 44 2
53 45 4
53 61 1
53 46 1
53 33 2
53 54 2
53 34 3
53 35 3
53 55 3
53 57 3
53 62 1
44 45 1
44 46 1
44 47 1
44 35 1
44 55 3
45 32 2
45 46 2
45 47 1
45 34 1
45 35 1
45 57 3
32 61 1
32 46 2
32 47 1
32 35 1
32 58 1
61 57 3
46 32 1
46 34 1
46 35 2
46 55 3
46 57 3
46 62 2
33 47 1
33 54 2
33 34 1
33 35 1
33 55 1
33 57 1
47 34 1
47 35 2
47 57 1
47 58 1
54 34 1
54 35 2
54 55 3
54 57 2
54 62 3
54 58 4
34 35 4
34 55 3
34 57 1
34 62 3
34 58 2
35 55 3
35 57 2
35 62 1
35 58 2
55 57 1
55 62 2
57 62 1
57 58 1
